2 0.790625 0.209375 0.16171875 0.159375
2 0.8 0.35625 0.12421875 0.11796875
2 0.81015625 0.6859375 0.171875 0.134375
2 0.79921875 0.50859375 0.1765625 0.11875
2 0.67734375 0.7203125 0.10625 0.134375
2 0.67421875 0.59140625 0.11875 0.0875
2 0.66875 0.4703125 0.103125 0.10859375
2 0.675 0.34296875 0.11953125 0.1125
2 0.66640625 0.21171875 0.125 0.1140625
2 0.55234375 0.2375 0.0859375 0.103125
2 0.565625 0.36796875 0.071875 0.0875
2 0.57265625 0.478125 0.0640625 0.09375
2 0.578125 0.5921875 0.103125 0.096875
2 0.578125 0.70859375 0.08203125 0.1046875