2 0.790625 0.790625 0.1609375 0.1609375
2 0.8 0.64375 0.1234375 0.1171875
2 0.81015625 0.3140625 0.171875 0.134375
2 0.79921875 0.49140625 0.1765625 0.11875
2 0.67734375 0.2796875 0.10625 0.134375
2 0.67421875 0.40859375 0.11875 0.0875
2 0.66875 0.5296875 0.103125 0.1078125
2 0.675 0.65703125 0.1203125 0.1125
2 0.66640625 0.78828125 0.125 0.1140625
2 0.55234375 0.7625 0.0859375 0.103125
2 0.565625 0.63203125 0.071875 0.0875
2 0.57265625 0.521875 0.0640625 0.09375
2 0.578125 0.4078125 0.103125 0.096875
2 0.578125 0.29140625 0.0828125 0.1046875